0.000000000000000000e+00 1.716779508086220631e+03 1.728397597791828957e+03 1.759221885087968076e+03 3.433245499241873404e+03 3.444707662336024441e+03 3.456483680863682821e+03 3.475923018772044998e+03 3.487551360756187933e+03 3.517929110645667606e+03
-1.716779508086220631e+03 0.000000000000000000e+00 1.161808970560832677e+01 4.244237700174744532e+01 1.716465991155652773e+03 1.727928154249803811e+03 1.739704172777462190e+03 1.759143510685824367e+03 1.770771852669967302e+03 1.801149602559446976e+03
-1.728397597791828957e+03 -1.161808970560832677e+01 0.000000000000000000e+00 3.082428729613911855e+01 1.704847901450044446e+03 1.716310064544195484e+03 1.728086083071853864e+03 1.747525420980216040e+03 1.759153762964358975e+03 1.789531512853838649e+03
-1.759221885087968076e+03 -4.244237700174744532e+01 -3.082428729613911855e+01 0.000000000000000000e+00 1.674023614153905328e+03 1.685485777248056365e+03 1.697261795775714745e+03 1.716701133684076922e+03 1.728329475668219857e+03 1.758707225557699530e+03
-3.433245499241873404e+03 -1.716465991155652773e+03 -1.704847901450044446e+03 -1.674023614153905328e+03 0.000000000000000000e+00 1.146216309415103751e+01 2.323818162180941727e+01 4.267751953017159394e+01 5.430586151431452890e+01 8.468361140379420249e+01
-3.444707662336024441e+03 -1.727928154249803811e+03 -1.716310064544195484e+03 -1.685485777248056365e+03 -1.146216309415103751e+01 0.000000000000000000e+00 1.177601852765837975e+01 3.121535643602055643e+01 4.284369842016349139e+01 7.322144830964316498e+01
-3.456483680863682821e+03 -1.739704172777462190e+03 -1.728086083071853864e+03 -1.697261795775714745e+03 -2.323818162180941727e+01 -1.177601852765837975e+01 0.000000000000000000e+00 1.943933790836217668e+01 3.106767989250511164e+01 6.144542978198478522e+01
-3.475923018772044998e+03 -1.759143510685824367e+03 -1.747525420980216040e+03 -1.716701133684076922e+03 -4.267751953017159394e+01 -3.121535643602055643e+01 -1.943933790836217668e+01 0.000000000000000000e+00 1.162834198414293496e+01 4.200609187362260855e+01
-3.487551360756187933e+03 -1.770771852669967302e+03 -1.759153762964358975e+03 -1.728329475668219857e+03 -5.430586151431452890e+01 -4.284369842016349139e+01 -3.106767989250511164e+01 -1.162834198414293496e+01 0.000000000000000000e+00 3.037774988947967358e+01
-3.517929110645667606e+03 -1.801149602559446976e+03 -1.789531512853838649e+03 -1.758707225557699530e+03 -8.468361140379420249e+01 -7.322144830964316498e+01 -6.144542978198478522e+01 -4.200609187362260855e+01 -3.037774988947967358e+01 0.000000000000000000e+00
