0.000000000000000000e+00 3.219706394676911714e+02 1.107274570865312739e+02 8.768809539593061686e+01 8.281033760519818162e-29 2.182372695890167291e-28 1.037961426387176582e-28 1.477369223476847072e-29 4.224404513598764252e-30 5.221783394406582383e-30
-3.219706394676911145e+02 0.000000000000000000e+00 1.729483987365383450e-30 3.163474849427553793e-31 6.385917867307248343e+02 1.111257983607567184e+02 7.002860984723636995e-02 8.771546873751022133e+01 9.436176511614265388e-04 2.938416628533918390e-04
-1.107274570865312029e+02 -1.729483987365384151e-30 0.000000000000000000e+00 1.408672876463533608e-30 4.296135692415088692e-02 3.197691642334628455e+02 2.228556274116023417e+02 7.137629299002404802e-03 8.771428379405810460e+01 2.216282749123589958e-03
-8.768809539593064528e+01 -3.163474849427554668e-31 -1.408672876463533608e-30 0.000000000000000000e+00 2.006234160768671348e-03 2.438309492836071481e-03 3.925293919095969200e-04 3.209430657052735683e+02 1.107122546295364316e+02 1.747205071212128189e+02
-6.790138989228817255e-29 -6.385917867307249480e+02 -4.296135692415096324e-02 -2.006234160768747676e-03 0.000000000000000000e+00 1.768263589095663675e-30 4.926132777459675612e-31 1.225537061332642885e-30 7.659660740298722490e-31 9.424552247326061776e-32
-1.796232892666198125e-28 -1.111257983607567184e+02 -3.197691642334628455e+02 -2.438309492836159085e-03 -1.768396604991623937e-30 0.000000000000000000e+00 1.183185906656262064e-30 1.159315897564514234e-31 1.569362395443895766e-31 1.250102295258894475e-30
-8.353563682996341448e-29 -7.002860984723612015e-02 -2.228556274116023417e+02 -3.925293919095975163e-04 -4.924157212802347842e-31 -1.183312780150812919e-30 0.000000000000000000e+00 9.218550443599901597e-31 3.385882754481364482e-31 2.473352945261711570e-31
-1.342365029758360221e-29 -8.771546873751015028e+01 -7.137629299002146328e-03 -3.209430657052735683e+02 -1.225222639602546452e-30 -1.158734311889284921e-31 -9.219110688515065201e-31 0.000000000000000000e+00 1.137054807862786106e-30 3.183883162544153703e-30
-3.446836779107511436e-30 -9.436176511615324653e-04 -8.771428379405814724e+01 -1.107122546295363890e+02 -7.656376719629450241e-31 -1.567364009102463890e-31 -3.385299401781227009e-31 -1.137099912633349580e-30 0.000000000000000000e+00 1.382588105121089427e-30
-2.646693721475031059e-30 -2.938416628533755217e-04 -2.216282749123668020e-03 -1.747205071212127905e+02 -9.413223142162224887e-32 -1.249781821888581252e-30 -2.471937740222763574e-31 -3.183522053468857282e-30 -1.382329019296862993e-30 0.000000000000000000e+00
