0.000000000000000000e+00 3.205178389398955687e+02 1.040436530363967194e+02 8.065515625272871603e+01 1.288238793650885450e+00 2.495337924879477143e+00 8.005046123864604235e-01 1.157325131205713786e+00 5.662482444624460376e-01 1.168934471519712304e+00
-3.205178389398955687e+02 0.000000000000000000e+00 1.066946742615575670e-02 1.113291307931632383e-02 6.077412669341741775e+02 1.054752422273942329e+02 1.356375389904889417e+01 8.386720648933309974e+01 2.419995534642410018e+00 1.932833590566497284e+00
-1.040436530363966483e+02 -1.066946742615576711e-02 0.000000000000000000e+00 4.257760359330501308e-03 6.986962605573135754e+00 3.015102588488429660e+02 2.130219593020837863e+02 5.372756236299206734e+00 6.739387035349108146e+01 7.557056248217087102e+00
-8.065515625272874445e+01 -1.113291307931632036e-02 -4.257760359330503043e-03 0.000000000000000000e+00 3.598656462667935152e-01 4.845918207418328794e-01 9.048985083878145763e-02 3.661657301724204672e+02 6.720724044072603931e+01 1.426991132294683666e+02
-1.288238793650888114e+00 -6.077412669341739502e+02 -6.986962605573135754e+00 -3.598656462667943479e-01 0.000000000000000000e+00 2.047714709662088253e-02 8.759005276212205714e-04 2.039286530100052619e-02 3.846870098599551900e-05 5.909121712440830107e-04
-2.495337924879478919e+00 -1.054752422273942329e+02 -3.015102588488429660e+02 -4.845918207418309365e-01 -2.047714709662087559e-02 0.000000000000000000e+00 2.169048489432390259e-02 3.501732633640645617e-03 6.059777206768931536e-03 8.193062253072785905e-04
-8.005046123864604235e-01 -1.356375389904889239e+01 -2.130219593020837863e+02 -9.048985083878101354e-02 -8.759005276212202462e-04 -2.169048489432389565e-02 0.000000000000000000e+00 3.400812781170501676e-05 1.019897201769651846e-02 5.570539073562289509e-04
-1.157325131205713564e+00 -8.386720648933305711e+01 -5.372756236299206734e+00 -3.661657301724206377e+02 -2.039286530100052619e-02 -3.501732633640646485e-03 -3.400812781170500998e-05 0.000000000000000000e+00 1.697729393906803044e-03 4.036042468952717038e-02
-5.662482444624460376e-01 -2.419995534642410906e+00 -6.739387035349101041e+01 -6.720724044072603931e+01 -3.846870098599539025e-05 -6.059777206768931536e-03 -1.019897201769651846e-02 -1.697729393906803044e-03 0.000000000000000000e+00 4.481465988137709258e-03
-1.168934471519712082e+00 -1.932833590566498394e+00 -7.557056248217079109e+00 -1.426991132294682529e+02 -5.909121712440830107e-04 -8.193062253072794579e-04 -5.570539073562290593e-04 -4.036042468952717038e-02 -4.481465988137707523e-03 0.000000000000000000e+00
