0.000000000000000000e+00 8.845412333206899902e+00 9.411945454529287645e+02 3.980932536193528222e+02 1.189374124274663824e+00 6.813912136866939750e-01 1.276338738125533112e+00 2.187327115730377525e+00 2.770407488587145917e+00 3.621848289446567115e+00
-8.845412333206901678e+00 0.000000000000000000e+00 1.059558838522534248e-02 6.689057618506316638e-02 1.687984413501609637e+01 9.104766516530937679e+02 4.174043048756809071e+02 2.647165836617048740e+00 3.199080941303440451e-01 2.956461949236345865e-01
-9.411945454529287645e+02 -1.059558838522533727e-02 0.000000000000000000e+00 8.248619969981185740e-02 2.967459744139476774e-01 1.754427671638384467e+01 1.405921837037506172e+01 1.778715741511689885e+03 4.623273869078147413e+02 1.570319853872609972e+00
-3.980932536193526516e+02 -6.689057618506322189e-02 -8.248619969981185740e-02 0.000000000000000000e+00 5.907334081481849936e-02 4.167618875977958104e-01 1.569658217456639093e+01 1.648897678974884595e+00 9.607550063951068751e+02 7.478311707262048458e+02
-1.189374124274665823e+00 -1.687984413501607150e+01 -2.967459744139467892e-01 -5.907334081481824956e-02 0.000000000000000000e+00 2.073292143034520529e-02 8.687087598931590715e-02 4.924391485141754211e-03 5.299333761163435921e-04 1.055050303043595077e-03
-6.813912136866950853e-01 -9.104766516530936542e+02 -1.754427671638380914e+01 -4.167618875977986415e-01 -2.073292143034520182e-02 0.000000000000000000e+00 9.509172152237684028e-02 1.901792320876277004e-02 3.323326948829597588e-02 1.918132678576548161e-03
-1.276338738125534888e+00 -4.174043048756810776e+02 -1.405921837037505284e+01 -1.569658217456637495e+01 -8.687087598931590715e-02 -9.509172152237684028e-02 0.000000000000000000e+00 1.822478494758407626e-03 1.970418084915183388e-02 9.395387248303860295e-02
-2.187327115730383298e+00 -2.647165836617050516e+00 -1.778715741511691704e+03 -1.648897678974890368e+00 -4.924391485141738599e-03 -1.901792320876277351e-02 -1.822478494758407626e-03 0.000000000000000000e+00 1.587829730902873271e-01 2.876900379195317776e-04
-2.770407488587144584e+00 -3.199080941303422132e-01 -4.623273869078150256e+02 -9.607550063951066477e+02 -5.299333761163432669e-04 -3.323326948829597588e-02 -1.970418084915183735e-02 -1.587829730902872716e-01 0.000000000000000000e+00 1.899021873427608198e-01
-3.621848289446568447e+00 -2.956461949236350861e-01 -1.570319853872625071e+00 -7.478311707262045047e+02 -1.055050303043594210e-03 -1.918132678576549462e-03 -9.395387248303860295e-02 -2.876900379195326449e-04 -1.899021873427608476e-01 0.000000000000000000e+00
