0.000000000000000000e+00 1.714375006942360002e+01 9.609147284610429551e+02 3.926989820776294096e+02 4.914080456754546306e-28 5.209449197026758733e-29 1.095500226307675973e-27 7.341911685308835111e-28 4.114505483820766274e-27 7.026367265316276043e-27
-1.714375006942358226e+01 0.000000000000000000e+00 8.139901014459693691e-30 4.420071259225960773e-29 3.049267383723569935e+01 9.602505587525307647e+02 3.943900189405336505e+02 7.438797940097287807e-03 2.221932593395958052e-03 2.356055006763696502e-03
-9.609147284610435236e+02 -8.139901014459693691e-30 0.000000000000000000e+00 7.039334188845032845e-29 2.435910086864708033e-03 1.573715831033704404e+01 5.529867606548822395e-02 1.919839318257846344e+03 3.958771284142162017e+02 1.499534083858994164e-02
-3.926989820776294096e+02 -4.420071259225960773e-29 -7.039334188845036208e-29 0.000000000000000000e+00 3.728848524464961362e-03 1.079166509741171648e-02 1.646963121628656523e+01 9.831250298436115809e-03 9.650797547482118262e+02 7.825934381171944096e+02
-5.051846626296628264e-28 -3.049267383723569935e+01 -2.435910086864694589e-03 -3.728848524465002562e-03 0.000000000000000000e+00 8.867733069689838964e-29 6.545568872916435430e-29 3.106268841925834705e-29 4.747379983000673994e-30 9.834535347747216813e-31
-5.365616547675992585e-29 -9.602505587525307647e+02 -1.573715831033704937e+01 -1.079166509741198710e-02 -8.867894173415437188e-29 0.000000000000000000e+00 4.803866187808002143e-29 1.655857370513955350e-30 7.117950523564749611e-30 5.222811201587994458e-30
-1.113166505086906473e-27 -3.943900189405336505e+02 -5.529867606548775211e-02 -1.646963121628654392e+01 -6.545820824326486078e-29 -4.804136220282676320e-29 0.000000000000000000e+00 2.720924841092752121e-30 8.607913853746021093e-30 6.654263708739433564e-30
-7.951531526311729548e-28 -7.438797940097148162e-03 -1.919839318257845662e+03 -9.831250298436466223e-03 -3.105574979655697111e-29 -1.656199920144681377e-30 -2.721187476504294332e-30 0.000000000000000000e+00 4.957004361753314638e-29 5.618886282700689565e-30
-4.187617350916719860e-27 -2.221932593395883459e-03 -3.958771284142163722e+02 -9.650797547482115988e+02 -4.745027213956050421e-30 -7.117188183965788243e-30 -8.607723367018320346e-30 -4.957142479041608907e-29 0.000000000000000000e+00 1.258227153057682232e-29
-7.003351676926283292e-27 -2.356055006763696502e-03 -1.499534083858994164e-02 -7.825934381171944096e+02 -9.833531422102530068e-31 -5.222788254587014617e-30 -6.654581236522175173e-30 -5.618574888858059222e-30 -1.258301815141737851e-29 0.000000000000000000e+00
