0.000000000000000000e+00 6.939447421523126991e+01 6.690639069910032504e+02 6.492008597290312082e+02 1.551122703373839355e-27 1.876415385790432974e-28 3.156738964921818809e-28 4.302055780114480937e-29 3.462981927974435772e-31 1.101296550408840493e-27
-6.939447421523126991e+01 0.000000000000000000e+00 2.023110479496595442e-29 2.475068597028028943e-30 1.435202501897350373e+02 6.709714267545977009e+02 6.554718799097190640e+02 3.328277092784292981e-03 1.148973842080547868e-05 1.964313679593342188e-03
-6.690639069910034777e+02 -2.023110479496595722e-29 0.000000000000000000e+00 1.590543376761161851e-30 1.430639541340668732e-03 7.152122652777477185e+01 1.439849469157849365e-02 1.343945071749946237e+03 6.548403944442733291e+02 6.487935702058582723e-04
-6.492008597290307534e+02 -2.475068597028028943e-30 -1.590543376761161851e-30 0.000000000000000000e+00 1.162250144770143878e-03 6.146903342299231063e-03 7.249182476229728422e+01 5.276916310671207061e-04 6.723668636470029014e+02 1.309349782223327566e+03
-1.496506772409576359e-27 -1.435202501897350089e+02 -1.430639541340655288e-03 -1.162250144770136072e-03 0.000000000000000000e+00 5.380738523959001274e-29 1.951473258344611827e-29 1.259825225380121570e-29 2.298494423183741975e-31 9.367606538487438382e-31
-1.829278972023969638e-28 -6.709714267545975872e+02 -7.152122652777474343e+01 -6.146903342299302186e-03 -5.381235132273263109e-29 0.000000000000000000e+00 1.520076405926254103e-30 1.155205103377270399e-28 1.141384328203089401e-29 4.651019732451720817e-32
-3.321643806975236260e-28 -6.554718799097188366e+02 -1.439849469157831671e-02 -7.249182476229722738e+01 -1.951858361545964023e-29 -1.520739520481540501e-30 0.000000000000000000e+00 5.800289329770189381e-31 1.872154691293412228e-29 1.310328814491634628e-30
-3.622101302713253359e-29 -3.328277092784192367e-03 -1.343945071749946237e+03 -5.276916310671147430e-04 -1.259765170594567919e-29 -1.155149718629306399e-28 -5.802502179826341594e-31 0.000000000000000000e+00 1.306106994943848374e-29 1.724476543776396632e-31
-2.244545637251500512e-31 -1.148973842080194486e-05 -6.548403944442731017e+02 -6.723668636470029014e+02 -2.298953250700176110e-31 -1.141301805707850402e-29 -1.872052476844011219e-29 -1.306122311511287733e-29 0.000000000000000000e+00 4.154899278336578175e-30
-1.277364082376756146e-27 -1.964313679593262391e-03 -6.487935702058541523e-04 -1.309349782223327566e+03 -9.398673802190205861e-31 -4.723229123044399915e-32 -1.315362827002022656e-30 -1.721363192333626197e-31 -4.154977863024026752e-30 0.000000000000000000e+00
