0.000000000000000000e+00 6.262103180936072988e+01 6.549547319095593139e+02 6.573922032303578362e+02 7.296824088086382165e-01 8.100995067846655795e-01 5.746008241681885842e-01 3.653615425760192270e+00 5.782767074885458020e-02 5.941034826919612044e+00
-6.262103180936077962e+01 0.000000000000000000e+00 3.833594404439476938e-02 1.890932036923065676e-02 1.301005537716595768e+02 6.567653670898092741e+02 6.568428973379310492e+02 2.504322974956836312e-01 1.308316567599099485e-02 5.884918362646912593e-01
-6.549547319095595412e+02 -3.833594404439476244e-02 0.000000000000000000e+00 2.157660130409219928e-03 7.118136337900080046e-03 6.137092370960653653e+01 1.787671794106054646e-01 1.290544337446382542e+03 6.776740407314102868e+02 6.712198725108432795e-02
-6.573922032303578362e+02 -1.890932036923067064e-02 -2.157660130409220795e-03 0.000000000000000000e+00 1.439799881408236441e-02 3.215950013571598765e-02 5.139842091861743967e+01 1.667524297139831579e-01 6.483509412515196573e+02 1.329603917007932068e+03
-7.296824088086379945e-01 -1.301005537716595484e+02 -7.118136337900171987e-03 -1.439799881408250146e-02 0.000000000000000000e+00 5.533455365848342217e-02 1.739614988039182505e-02 1.612598928348214246e-04 5.367575137220176274e-04 1.057880090077351802e-03
-8.100995067846648023e-01 -6.567653670898100700e+02 -6.137092370960650811e+01 -3.215950013571591132e-02 -5.533455365848339441e-02 0.000000000000000000e+00 2.992438136691217415e-03 4.367224709567090607e-02 1.410378382755720673e-02 4.981344510098313812e-04
-5.746008241681879181e-01 -6.568428973379311628e+02 -1.787671794106039935e-01 -5.139842091861741835e+01 -1.739614988039182505e-02 -2.992438136691219150e-03 0.000000000000000000e+00 2.834894794573008430e-04 4.006487493768292468e-02 5.081466378566205054e-03
-3.653615425760190050e+00 -2.504322974956839643e-01 -1.290544337446383224e+03 -1.667524297139830747e-01 -1.612598928348220480e-04 -4.367224709567090607e-02 -2.834894794573009514e-04 0.000000000000000000e+00 1.035198216603251372e-03 2.111699479246155215e-04
-5.782767074885451081e-02 -1.308316567599093760e-02 -6.776740407314107415e+02 -6.483509412515196573e+02 -5.367575137220187117e-04 -1.410378382755720673e-02 -4.006487493768290387e-02 -1.035198216603250938e-03 0.000000000000000000e+00 9.433096292010603387e-03
-5.941034826919607603e+00 -5.884918362646907042e-01 -6.712198725108424469e-02 -1.329603917007932068e+03 -1.057880090077353103e-03 -4.981344510098313812e-04 -5.081466378566205054e-03 -2.111699479246153589e-04 -9.433096292010603387e-03 0.000000000000000000e+00
