0.000000000000000000e+00 3.671703240272292845e+01 4.323882003532173712e+02 8.228939064471219353e+02 1.134421540683022700e+00 2.107754027749449144e-01 1.098289907131347185e-04 2.449200820778477894e+00 7.018707427666514009e-01 2.802973543563325176e+00
-3.671703240272293556e+01 0.000000000000000000e+00 3.223807322754402606e-03 1.190400579770068340e-04 7.502780107209049731e+01 4.323922807622633400e+02 8.195617608164417334e+02 8.499040505020546976e-02 9.105018624475851030e-02 1.274960481903355571e-02
-4.323882003532172007e+02 -3.223807322754402606e-03 0.000000000000000000e+00 1.314310543085482098e-02 1.830305230218416332e-02 3.287578133893690335e+01 7.660888445009898795e-02 8.654283350986594314e+02 8.317095431264222043e+02 1.119471784661439373e-01
-8.228939064471219353e+02 -1.190400579770067933e-04 -1.314310543085482098e-02 0.000000000000000000e+00 3.625430301234611706e-03 6.464909047503861195e-02 3.387616620630744535e+01 4.093699217347990804e-01 4.417415129327877708e+02 1.641000253598244626e+03
-1.134421540683023588e+00 -7.502780107209049731e+01 -1.830305230218400719e-02 -3.625430301234615609e-03 0.000000000000000000e+00 5.113049361666687637e-03 4.285713818427285384e-04 5.117773565619736752e-04 1.575447718746288400e-03 3.183827506567876264e-04
-2.107754027749453030e-01 -4.323922807622635673e+02 -3.287578133893691046e+01 -6.464909047503875072e-02 -5.113049361666686769e-03 0.000000000000000000e+00 1.043936730289288413e-02 1.806864823123987629e-03 6.046385068425034126e-04 8.247335587545381007e-04
-1.098289907131358027e-04 -8.195617608164418471e+02 -7.660888445009839121e-02 -3.387616620630745956e+01 -4.285713818427283757e-04 -1.043936730289288413e-02 0.000000000000000000e+00 1.267366991616383212e-04 4.505236747679979697e-03 8.118693560932781304e-04
-2.449200820778481003e+00 -8.499040505020596936e-02 -8.654283350986598862e+02 -4.093699217347981922e-01 -5.117773565619738920e-04 -1.806864823123993267e-03 -1.267366991616382670e-04 0.000000000000000000e+00 4.593378826995705988e-02 4.793940495324822831e-03
-7.018707427666516230e-01 -9.105018624475885725e-02 -8.317095431264222043e+02 -4.417415129327878844e+02 -1.575447718746287532e-03 -6.046385068425040631e-04 -4.505236747679981432e-03 -4.593378826995703906e-02 0.000000000000000000e+00 2.110264471348228046e-02
-2.802973543563328285e+00 -1.274960481903363030e-02 -1.119471784661450336e-01 -1.641000253598244171e+03 -3.183827506567877348e-04 -8.247335587545377754e-04 -8.118693560932781304e-04 -4.793940495324822831e-03 -2.110264471348228046e-02 0.000000000000000000e+00
