0.000000000000000000e+00 3.702777264384346267e+01 4.402287133620737904e+02 8.203151187769719854e+02 1.964432242407411716e-27 5.969347627769014503e-30 2.574188742362831245e-31 1.613877146080739478e-27 2.126286295496179019e-28 2.965469368218297928e-27
-3.702777264384348399e+01 0.000000000000000000e+00 1.194857425508818825e-31 5.453516393568367595e-33 7.696659464894081282e+01 4.442350516644003164e+02 8.228698934050797789e+02 6.653152765821941303e-03 1.063312980452930066e-03 4.664020732760675708e-05
-4.402287133620737904e+02 -1.194857425508819044e-31 0.000000000000000000e+00 1.693577771943659263e-30 9.347544754229534624e-05 3.785731265756383834e+01 5.714384532896877537e-04 8.929174207231452556e+02 8.218289580705474009e+02 1.818821799453055471e-02
-8.203151187769719854e+02 -5.453516393568365542e-33 -1.693577771943659263e-30 0.000000000000000000e+00 1.806869786757945044e-03 1.088113854634713794e-02 3.813518304093483380e+01 1.371143686073177971e-02 4.414907374123798718e+02 1.651246343940548741e+03
-1.928107340078633619e-27 -7.696659464894081282e+01 -9.347544754229621361e-05 -1.806869786757946779e-03 0.000000000000000000e+00 4.401909932641137659e-30 2.858309928637386168e-31 1.393445278528000266e-30 1.326519412111699233e-31 5.063892006686135759e-33
-5.410703982396985414e-30 -4.442350516644005438e+02 -3.785731265756383834e+01 -1.088113854634718825e-02 -4.403062774698779003e-30 0.000000000000000000e+00 2.350113937434205600e-30 3.558483385027657199e-29 4.824804871816457158e-30 1.673070850550275212e-31
-2.401425867884099409e-31 -8.228698934050797789e+02 -5.714384532896028606e-04 -3.813518304093483380e+01 -2.859008352607567961e-31 -2.350111133615247299e-30 0.000000000000000000e+00 8.972280408509115662e-31 1.803056693487510940e-32 3.963325208990835446e-33
-1.616056846674491063e-27 -6.653152765822002018e-03 -8.929174207231452556e+02 -1.371143686073172940e-02 -1.393232444227341087e-30 -3.558533040664143416e-29 -8.972386923174074956e-31 0.000000000000000000e+00 2.520863601436171341e-29 7.901696598780477628e-31
-2.214553156126323669e-28 -1.063312980452911852e-03 -8.218289580705474009e+02 -4.414907374123798718e+02 -1.324046655369024057e-31 -4.823828072339157728e-30 -1.803030403103960107e-32 -2.520928289034816085e-29 0.000000000000000000e+00 4.345784597899028182e-29
-3.170784599066471264e-27 -4.664020732760485973e-05 -1.818821799453023899e-02 -1.651246343940548741e+03 -5.151184304087945460e-33 -1.682427273003233664e-31 -3.980020829254794391e-33 -7.904573622418804476e-31 -4.345247169952771607e-29 0.000000000000000000e+00
