0.000000000000000000e+00 7.054392855738802837e+01 6.031129018526040682e+02 5.517096628572610371e+02 6.757602966368341235e-01 3.434286160086651996e-01 7.700023894291858906e-02 5.231590808192928321e+00 8.770927567946807946e-01 6.313202537804297521e+00
-7.054392855738799994e+01 0.000000000000000000e+00 9.382705262952715022e-03 5.861087328320292028e-03 1.476185277396781714e+02 6.040153813107626775e+02 5.504145526127089170e+02 3.419940325112201807e-01 8.286536837868237193e-03 9.115435238705919471e-03
-6.031129018526040682e+02 -9.382705262952721961e-03 0.000000000000000000e+00 1.234721688270969293e-02 1.244042822361467009e-02 6.151924614101141486e+01 3.962996058790273224e-02 1.165650011769681669e+03 5.935510014401472745e+02 8.781057594315037074e-01
-5.517096628572612644e+02 -5.861087328320289426e-03 -1.234721688270969293e-02 0.000000000000000000e+00 1.454095151865971488e-03 4.201534536338703135e-02 7.115246212171589946e+01 1.250538371133115945e+00 6.346954317425089585e+02 1.050971728051708624e+03
-6.757602966368340125e-01 -1.476185277396781430e+02 -1.244042822361457121e-02 -1.454095151865972355e-03 0.000000000000000000e+00 9.775229002363378453e-03 4.381782213900043375e-03 1.156331806978168992e-03 1.006949405895720068e-03 2.529516341585499298e-05
-3.434286160086651996e-01 -6.040153813107626775e+02 -6.151924614101142907e+01 -4.201534536338680931e-02 -9.775229002363374983e-03 0.000000000000000000e+00 1.680126521261140690e-02 6.240172205355944916e-04 5.016360212820650949e-03 6.811111667516208442e-04
-7.700023894291863069e-02 -5.504145526127085759e+02 -3.962996058790268367e-02 -7.115246212171587104e+01 -4.381782213900043375e-03 -1.680126521261141731e-02 0.000000000000000000e+00 8.779732390943308866e-05 6.541540499890283883e-03 2.758784030507085809e-03
-5.231590808192924769e+00 -3.419940325112196255e-01 -1.165650011769681214e+03 -1.250538371133111282e+00 -1.156331806978167041e-03 -6.240172205355982863e-04 -8.779732390943331905e-05 0.000000000000000000e+00 1.846490497247411239e-02 1.303430920459536452e-04
-8.770927567946814607e-01 -8.286536837868374236e-03 -5.935510014401472745e+02 -6.346954317425092995e+02 -1.006949405895719851e-03 -5.016360212820653551e-03 -6.541540499890283883e-03 -1.846490497247410892e-02 0.000000000000000000e+00 3.579266441120142195e-02
-6.313202537804298409e+00 -9.115435238705940288e-03 -8.781057594315039294e-01 -1.050971728051709533e+03 -2.529516341585500653e-05 -6.811111667516206274e-04 -2.758784030507085809e-03 -1.303430920459534826e-04 -3.579266441120140807e-02 0.000000000000000000e+00
