0.000000000000000000e+00 7.721584420919184311e+01 6.295594473281624914e+02 5.444082827131627482e+02 2.564723825516014408e-28 2.205635247435817947e-28 2.010217726632932984e-29 1.244305052619975141e-28 8.992407517502256405e-30 3.582460926172627022e-30
-7.721584420919192837e+01 0.000000000000000000e+00 7.913092344885103706e-30 1.737787718733083079e-29 1.589491160765211077e+02 6.341368593311573250e+02 5.442403268206385292e+02 7.367160233366194192e-04 6.204173074912136500e-04 8.164199765004016211e-05
-6.295594473281624914e+02 -7.913092344885103706e-30 0.000000000000000000e+00 2.093838181864422904e-29 2.862652692339020567e-04 8.117697617038952274e+01 1.403589793730376518e-04 1.263225798142751955e+03 5.461315134835929257e+02 9.782961437392699924e-03
-5.444082827131627482e+02 -1.737787718733083920e-29 -2.093838181864422063e-29 0.000000000000000000e+00 6.500573379817205190e-04 1.539097105140008713e-02 7.927854419489159454e+01 5.885451049729666442e-03 6.350785031148260487e+02 1.085155490163179138e+03
-2.515206479777662596e-28 -1.589491160765211646e+02 -2.862652692338752227e-04 -6.500573379817192179e-04 0.000000000000000000e+00 4.850100599236149305e-31 2.668406748429594160e-30 1.492280114751801270e-33 1.290735760929011252e-30 2.118944091651574015e-30
-2.216651503196658488e-28 -6.341368593311575523e+02 -8.117697617038955116e+01 -1.539097105140006805e-02 -4.859169031926828548e-31 0.000000000000000000e+00 2.069631643270534356e-29 7.792674678770628070e-30 6.002685126799271869e-30 1.801525609191372226e-29
-2.061935375931365911e-29 -5.442403268206385292e+02 -1.403589793730320411e-04 -7.927854419489162296e+01 -2.668381290222735818e-30 -2.069605467171997480e-29 0.000000000000000000e+00 1.071045526308288158e-32 8.706696581178723333e-30 5.202848955205071630e-31
-1.232182257708565949e-28 -7.367160233366107456e-04 -1.263225798142751955e+03 -5.885451049729641289e-03 -1.492943622920177987e-33 -7.793766913423091552e-30 -1.070954370952799606e-32 0.000000000000000000e+00 1.748499936008686286e-29 9.408631628151443201e-30
-1.120757469241365002e-29 -6.204173074912383698e-04 -5.461315134835929257e+02 -6.350785031148260487e+02 -1.290367912645267758e-30 -6.003633305146421457e-30 -8.706676266719709545e-30 -1.748512545735279627e-29 0.000000000000000000e+00 3.461836186074607811e-29
-1.107702967232268010e-29 -8.164199765004016211e-05 -9.782961437392490023e-03 -1.085155490163178683e+03 -2.117266430293043937e-30 -1.803083342553483490e-29 -5.203446008576343436e-31 -9.407677377259035146e-30 -3.462131928985363078e-29 0.000000000000000000e+00
